cheezit_big_original,-8.75696e-06,0.511151,0.859491,-0.0110529,-0.859438,0.51112,0.999939,-0.00949543,0.00565725,0.00565914,0.00142957,0.116316
crayola_64_ct,-0.198139,0.280582,-0.939157,0.720994,0.690812,0.0542747,0.66401,-0.666372,-0.339174,0.086895,-0.0573342,0.121699
crayola_64_ct,0.126672,-0.00883543,-0.991905,-0.965712,0.227348,-0.125352,0.226615,0.973774,0.0202661,0.0905959,-0.0530931,0.0123787
crayola_64_ct,0.854058,-0.220927,-0.470931,-0.441894,0.16949,-0.88091,0.274435,0.96045,0.047128,0.0589216,-0.060452,0.015985
crayola_64_ct,-0.00192271,0.992063,0.125728,0.049443,-0.12548,0.990863,0.998775,0.00812151,-0.0488093,0.0543182,-0.0862107,0.0934872
crayola_64_ct,0.0649341,-0.674608,0.735315,0.140075,-0.723412,-0.676057,0.988009,0.146898,0.0475212,0.0734282,-0.0576177,0.0746124
crayola_64_ct,0.258229,0.174381,-0.950215,-0.8126,0.571159,-0.116014,0.522493,0.802103,0.289192,0.0862036,-0.048866,0.0292524
crayola_64_ct,0.0166246,0.419904,0.907416,0.0671442,-0.905962,0.418,0.997605,0.0539786,-0.0432553,0.0373063,-0.0677923,0.0928985
crayola_64_ct,-0.0777446,0.488749,0.868954,0.120074,-0.860657,0.494825,0.989716,0.142809,0.00822519,0.0721866,-0.0473495,0.0732977
crayola_64_ct,0.119675,-0.19266,0.973941,0.148495,-0.966482,-0.209431,0.981645,0.169689,-0.0870542,0.0306422,-0.0524099,0.096728
crayola_64_ct,0.817357,-0.0617394,-0.572814,0.554425,0.354634,0.752893,0.156656,-0.932964,0.324093,0.0482744,-0.0571099,0.0357757
crayola_64_ct,0.110773,0.498571,0.859742,-0.106914,-0.854067,0.509056,0.988078,-0.148308,-0.0413032,-0.0175538,-0.00314908,0.0662109
dove_beauty_bar,-0.448947,0.0348164,-0.89288,0.892396,-0.0334802,-0.45001,-0.0455615,-0.998833,-0.0160392,0.0578087,0.0229878,0.0479577
dr_browns_bottle_brush,0.197282,0.617506,0.761424,0.939642,-0.340588,0.0327548,0.279558,0.709004,-0.647427,0.00016966,0.0391694,0.0215085
dr_browns_bottle_brush,-0.892777,0.442958,-0.0820848,0.450045,0.885127,-0.118361,0.0202266,-0.142612,-0.989572,0.0104467,0.0161242,0.0200174
dr_browns_bottle_brush,0.247298,-0.556963,-0.792866,-0.386775,-0.807006,0.446259,-0.888397,0.196301,-0.41499,-0.00181935,-0.0298061,0.0194648
dr_browns_bottle_brush,-0.345125,0.16625,-0.923715,-0.111485,-0.984481,-0.135533,-0.931912,0.0562048,0.358303,-0.0121435,-0.0243575,0.0165327
dr_browns_bottle_brush,0.963384,0.124177,-0.237637,-0.268001,0.472916,-0.83936,0.00815263,0.872313,0.488879,-0.0099838,-0.00147731,0.011893
dr_browns_bottle_brush,-0.0878833,-0.372785,-0.923747,-0.313039,-0.870019,0.380885,-0.945665,0.322642,-0.0402362,-0.00946567,-0.0489603,0.0278242
dr_browns_bottle_brush,-0.081564,0.128059,-0.988407,0.0158359,0.991752,0.127186,0.996542,-0.00527847,-0.0829192,0.0113358,0.0186722,0.0380043
dr_browns_bottle_brush,0.206077,-0.677801,0.705775,0.891366,0.427608,0.150393,-0.403732,0.598111,0.692289,-0.0179747,-0.0252636,0.0367076
dr_browns_bottle_brush,-0.0329922,-0.351418,0.935637,-0.0682767,-0.933167,-0.352898,0.997121,-0.075525,0.00679359,0.00575899,0.05125,0.0496378
dr_browns_bottle_brush,-0.0436442,0.669046,0.741938,-0.167665,-0.737018,0.654747,0.984877,-0.0958215,0.144342,0.00629358,0.0350387,0.0495125
dr_browns_bottle_brush,-0.127717,0.75914,0.638274,-0.182578,-0.650542,0.737198,0.974861,-0.0223821,0.221687,0.00153616,0.0272168,0.0501557
dr_browns_bottle_brush,-0.611312,-0.713059,-0.343285,0.1829,0.294734,-0.937912,0.769964,-0.636144,-0.0497562,-0.000929634,0.00754085,0.0573058
dr_browns_bottle_brush,0.215572,-0.128373,-0.968013,0.975561,-0.0148766,0.219226,-0.0425434,-0.991614,0.122028,-0.00602067,-0.0348543,0.0649899
dr_browns_bottle_brush,-0.0185188,0.938874,0.343762,0.149392,-0.337363,0.929445,0.988605,0.0685675,-0.134013,-0.00116385,0.00293098,0.0634084
dr_browns_bottle_brush,-0.153998,-0.671581,0.724751,-0.147036,-0.709758,-0.68893,0.97707,-0.212658,0.0105547,0.00119724,0.0480043,0.23989
dr_browns_bottle_brush,0.0851482,0.93313,0.349312,0.126534,-0.357874,0.925157,0.988301,-0.0345755,-0.148545,-0.0105896,0.00600711,0.0786339
dr_browns_bottle_brush,0.0303574,0.907005,0.420025,0.101112,-0.42085,0.901477,0.994412,0.0151032,-0.104485,-0.0030624,0.00995981,0.0819768
dr_browns_bottle_brush,-0.0197426,0.969789,0.243144,0.0601743,-0.241598,0.968509,0.997993,0.0337519,-0.0535867,0.00293636,0.0270387,0.211316
dr_browns_bottle_brush,-0.0646408,-0.693852,0.717211,0.0912673,-0.719812,-0.688143,0.993726,0.0209758,0.109855,-0.0227119,-0.0365835,0.12171
dr_browns_bottle_brush,0.360521,-0.186417,-0.913933,0.773752,-0.487413,0.404643,-0.520895,-0.85304,-0.0314824,0.00879247,-0.0113354,0.0961624
dr_browns_bottle_brush,0.0276258,-0.478178,0.877828,0.0955611,-0.872878,-0.478489,0.99504,0.0971049,0.0215813,-0.0299399,0.0195799,0.215331
dr_browns_bottle_brush,-0.0459054,0.982569,-0.180139,0.0228665,0.181316,0.983159,0.998684,0.0410131,-0.0307913,-0.0145133,-0.0417696,0.116166
dr_browns_bottle_brush,0.0158738,-0.546597,0.837246,0.0185301,-0.837046,-0.546818,0.999702,0.0241944,-0.0031586,0.00822598,0.0546695,0.150783
dr_browns_bottle_brush,-0.00479948,0.0112242,-0.999925,0.0554359,0.998402,0.010941,0.998451,-0.0553793,-0.00541403,0.0131064,0.0246871,0.117817
dr_browns_bottle_brush,-0.0117188,0.946325,0.323004,0.0152694,-0.32282,0.946337,0.999815,0.016022,-0.0106668,0.00838833,0.0370484,0.153622
dr_browns_bottle_brush,-0.0166257,0.883392,-0.46834,0.0185825,0.468597,0.883216,0.999689,0.00598112,-0.0242064,0.0141739,0.0325592,0.149168
dr_browns_bottle_brush,0.271366,-0.87595,-0.398839,0.822331,-0.00432035,0.568994,-0.500133,-0.482383,0.719148,-0.00392234,-0.0141554,0.11954
dr_browns_bottle_brush,-0.00473235,0.905873,0.423523,0.0159817,-0.423405,0.9058,0.999861,0.0110552,-0.0124737,0.00365629,0.0303849,0.161006
dr_browns_bottle_brush,0.325651,-0.799216,-0.505179,0.825801,-0.019773,0.563615,-0.460438,-0.600719,0.653554,-0.00174862,-0.00750309,0.132376
dr_browns_bottle_brush,0.29567,0.2677,-0.917015,0.879726,-0.450483,0.15214,-0.372372,-0.851705,-0.368697,0.00407013,-0.000239928,0.153257
elmers_washable_no_run_school_glue,-0.220443,-0.722166,-0.655653,-0.350584,0.685932,-0.637643,0.910217,0.0892981,-0.404389,0.0177502,0.0137504,0.125372
elmers_washable_no_run_school_glue,0.268939,-0.959416,-0.0848084,-0.469745,-0.207526,0.858063,-0.84084,-0.190928,-0.506492,0.00702834,-0.01257,0.121538
elmers_washable_no_run_school_glue,-0.0308405,0.257732,-0.965724,-0.821954,0.543209,0.17122,0.568719,0.799061,0.195091,0.00460403,0.00409681,0.112784
elmers_washable_no_run_school_glue,-0.812435,0.568197,0.130778,-0.582738,-0.78394,-0.214136,-0.0191491,-0.250181,0.96801,-0.00968207,0.0258007,0.00344215
elmers_washable_no_run_school_glue,-0.286093,-0.0701792,-0.955628,0.949399,-0.155634,-0.272799,-0.129583,-0.985319,0.111154,0.0376833,-0.00429359,0.0117982
elmers_washable_no_run_school_glue,-0.788709,0.274953,0.549854,0.602817,0.521384,0.603963,-0.120624,0.807812,-0.576966,0.0109459,0.0132662,0.0157893
elmers_washable_no_run_school_glue,-0.791261,0.586795,0.171982,0.607681,0.785903,0.114369,-0.0680499,0.195006,-0.978439,0.00438237,-0.0188554,0.0246189
elmers_washable_no_run_school_glue,0.942119,0.188057,0.277573,-0.289559,0.0390202,0.956365,0.16902,-0.981383,0.0912153,-0.00378621,0.0180425,0.0184098
elmers_washable_no_run_school_glue,0.0503785,-0.08005,0.995517,-0.714773,-0.699069,-0.0200411,0.697539,-0.710559,-0.0924356,-0.0211517,0.0156497,0.0290326
elmers_washable_no_run_school_glue,-0.0553433,0.989158,-0.136029,-0.0581533,-0.1392,-0.988555,-0.996772,-0.0467993,0.0652266,0.0201666,-0.0160327,0.031236
elmers_washable_no_run_school_glue,0.94919,-0.277276,0.148851,-0.152494,0.00850752,0.988268,-0.275289,-0.960753,-0.0342076,-0.00356892,0.0177137,0.0376964
elmers_washable_no_run_school_glue,-0.350112,0.0174927,0.936544,0.913694,-0.213887,0.345565,0.20636,0.976702,0.0589017,0.0174443,-0.00343893,0.0306871
elmers_washable_no_run_school_glue,-0.556832,-0.104009,-0.824088,0.830609,-0.0635168,-0.553222,0.0051965,-0.992546,0.121759,0.0237409,0.0130596,0.0803611
elmers_washable_no_run_school_glue,-0.0608763,0.181636,-0.98148,0.988855,0.144819,-0.0345332,0.135864,-0.972644,-0.188428,0.0335468,-0.0119087,0.0483605
elmers_washable_no_run_school_glue,0.687566,0.720805,-0.0877061,0.698764,-0.623975,0.349834,0.197436,-0.30182,-0.932697,-0.00627108,0.0164772,0.0596133
elmers_washable_no_run_school_glue,-0.255134,0.586574,-0.768659,0.238822,-0.732108,-0.637951,-0.936947,-0.346336,0.0466992,0.00306471,-0.00621524,0.038288
elmers_washable_no_run_school_glue,-0.927999,0.348144,0.132715,-0.353163,-0.935432,-0.0155903,0.118718,-0.0613377,0.991032,0.00867696,0.0109879,0.0457859
expo_dry_erase_board_eraser,-0.579001,-0.81524,0.0119033,0.815166,-0.579115,-0.0114541,0.0162312,0.00307125,0.999864,0.0222124,0.0186214,-0.00113438
feline_greenies_dental_treats,0.606101,-0.720859,-0.336161,0.756552,0.392038,0.523388,-0.2455,-0.57155,0.782982,-0.03269,0.0502503,0.00301731
feline_greenies_dental_treats,-0.0079652,-0.332313,-0.943136,-0.99865,0.0510666,-0.00955921,0.0513394,0.941786,-0.332271,0.0683638,-0.0343223,0.0264032
feline_greenies_dental_treats,0.652778,-0.569425,0.499636,-0.757548,-0.492002,0.429016,0.00152962,-0.65855,-0.752535,0.0465466,-0.00423507,0.0149668
feline_greenies_dental_treats,0.58661,0.12496,0.800171,-0.80014,-0.0632646,0.596468,0.125157,-0.990143,0.0628734,-0.0409108,0.00918994,0.00983738
feline_greenies_dental_treats,-0.714531,-0.237462,-0.658071,0.69957,-0.251728,-0.668756,-0.00685054,-0.938214,0.345989,0.016386,0.00260383,0.170402
feline_greenies_dental_treats,0.598304,-0.623942,0.502722,-0.323943,0.385491,0.863978,-0.732866,-0.679775,0.0285192,0.0145763,-0.04253,0.0171861
feline_greenies_dental_treats,0.149452,-0.799696,-0.581506,-0.0254072,-0.591023,0.806254,-0.988442,-0.105722,-0.108648,-0.0331367,0.0436336,0.0410447
feline_greenies_dental_treats,-0.234581,0.344451,0.909024,0.492775,-0.763929,0.416636,0.837941,0.545679,0.00946692,0.0364559,-0.0490601,0.137571
feline_greenies_dental_treats,-0.694515,-0.249162,-0.674957,0.703326,-0.0374561,-0.70988,0.151594,-0.967737,0.201256,-0.00252036,0.0505566,0.0183759
feline_greenies_dental_treats,0.53219,0.76809,0.356106,0.836904,-0.540837,-0.0841888,0.127931,0.342831,-0.930645,0.0166837,0.015524,0.028864
feline_greenies_dental_treats,-0.685472,-0.135203,-0.715436,0.725678,-0.0468036,-0.68644,0.0593238,-0.989712,0.130196,-0.0310738,0.0495947,0.135912
feline_greenies_dental_treats,-0.0525198,0.752007,-0.65706,0.201592,-0.636438,-0.744518,-0.978061,-0.17156,-0.118173,-0.0050787,-0.0080784,0.0194535
feline_greenies_dental_treats,0.343959,0.098666,0.933787,-0.766303,-0.545219,0.339875,0.542653,-0.832467,-0.111925,-0.0444502,0.0193736,0.0346171
feline_greenies_dental_treats,-0.223078,0.883367,0.412188,0.0329198,-0.415775,0.908872,0.974245,0.216318,0.0636699,0.048083,-0.0530442,0.103964
feline_greenies_dental_treats,-0.994251,0.0227856,0.104618,0.095132,0.636366,0.765498,-0.0491332,0.77105,-0.634876,0.0408039,-0.0466162,0.0579283
feline_greenies_dental_treats,-0.70533,-0.0679763,-0.705612,0.705912,-0.158326,-0.690377,-0.0647876,-0.985044,0.159658,0.0190867,-0.00640434,0.153894
feline_greenies_dental_treats,0.347678,-0.203716,-0.915216,-0.893924,0.222471,-0.389109,0.282876,0.953418,-0.104758,0.0570912,-0.00669007,0.045137
feline_greenies_dental_treats,-0.242345,-0.0347378,0.969568,0.96795,-0.0765346,0.239199,0.0658963,0.996462,0.0521723,-0.0506012,0.0431717,0.0687641
feline_greenies_dental_treats,-0.812939,0.574823,0.0933234,0.58232,0.800786,0.14016,0.00583489,0.168285,-0.985721,-0.0400391,0.0429457,0.125646
feline_greenies_dental_treats,-0.92595,-0.101773,0.363674,0.064521,-0.991477,-0.113184,0.372093,-0.0813386,0.924625,-0.00983339,0.042515,0.0323181
feline_greenies_dental_treats,-0.251076,0.414961,-0.87451,0.524217,0.817785,0.237539,0.813731,-0.398792,-0.422856,0.0420588,-0.0300093,0.140063
feline_greenies_dental_treats,-0.98377,0.063711,-0.16774,0.176473,0.174478,-0.968718,-0.0324509,-0.982598,-0.18289,-0.0300903,0.061234,0.0918506
feline_greenies_dental_treats,-0.988456,-0.117391,-0.0957787,0.0749213,0.170735,-0.982464,0.131685,-0.978299,-0.159969,0.0389585,-0.0255064,0.0804565
feline_greenies_dental_treats,0.31567,0.117161,0.941608,-0.920381,0.279142,0.273821,-0.230761,-0.953076,0.195949,0.0423486,-0.0260556,0.108181
feline_greenies_dental_treats,-0.819521,0.0608576,0.569808,0.49701,-0.419473,0.759621,0.285248,0.905726,0.31352,-0.000725696,0.0337105,0.0479314
feline_greenies_dental_treats,0.157288,0.337492,0.928095,-0.769151,-0.547588,0.329476,0.619409,-0.765668,0.173453,0.0449622,-0.020424,0.0775427
feline_greenies_dental_treats,0.0615551,-0.960241,-0.272303,0.135583,0.278336,-0.950866,0.988852,0.0216109,0.147326,-0.00775601,0.031106,0.128978
feline_greenies_dental_treats,0.102803,-0.0475207,0.993566,-0.677547,-0.734648,0.034968,0.72826,-0.676782,-0.107722,-0.0115979,-0.00729554,0.133792
feline_greenies_dental_treats,-0.686267,0.169671,0.707283,0.679316,-0.198002,0.706629,0.259938,0.965405,0.0206222,-0.0207469,-0.0143638,0.0563413
feline_greenies_dental_treats,-0.775892,0.156987,0.611021,0.600196,-0.114627,0.791597,0.19431,0.980926,-0.00528491,0.00363247,0.0302583,0.0638518
feline_greenies_dental_treats,-0.478528,-0.105077,-0.871762,0.87498,-0.140315,-0.463381,-0.0736307,-0.984515,0.159085,-0.0257099,0.0179038,0.085313
feline_greenies_dental_treats,0.566808,0.492777,0.660227,-0.350518,-0.580996,0.734562,0.745564,-0.647777,-0.156585,0.00580305,-0.0313825,0.106194
feline_greenies_dental_treats,-0.314381,-0.527728,-0.789093,-0.0278527,0.836009,-0.548008,0.948888,-0.150305,-0.277524,0.041804,2.16311e-05,0.101737
feline_greenies_dental_treats,-0.343364,0.701108,0.624939,-0.2029,-0.705054,0.679507,0.917024,0.106518,0.384345,0.00124908,0.0306601,0.0887764
feline_greenies_dental_treats,-0.372009,0.675864,0.636253,0.443556,-0.47269,0.76146,0.815394,0.565484,-0.123939,-0.00885218,-0.0223657,0.0792843
feline_greenies_dental_treats,-0.403448,0.572649,0.713655,-0.071804,-0.797357,0.599221,0.912181,0.190511,0.36281,0.0171879,0.0137771,0.0893667
first_years_take_and_toss_straw_cups,0.511582,0.472102,-0.717916,0.594638,0.408596,0.692427,0.620234,-0.781133,-0.0716997,-0.00714859,0.010141,0.0193665
first_years_take_and_toss_straw_cups,0.862882,-0.505406,-0.000712231,-0.234192,-0.398587,-0.886726,0.447872,0.765306,-0.462295,0.020808,0.029594,0.0244138
first_years_take_and_toss_straw_cups,0.271975,-0.943521,0.189201,0.90965,0.31622,0.269335,-0.313952,0.0988542,0.944278,-0.0201673,-0.0780524,0.151408
first_years_take_and_toss_straw_cups,0.214935,0.298793,-0.929799,0.715307,0.600038,0.358176,0.664935,-0.742076,-0.0847595,-0.00996619,0.00336585,0.0280148
first_years_take_and_toss_straw_cups,0.687256,-0.211457,-0.694957,0.71461,0.0250264,0.699076,-0.130432,-0.977067,0.168309,0.0363025,-0.0324588,0.0269505
first_years_take_and_toss_straw_cups,0.714734,-0.410195,-0.566477,-0.179424,0.675304,-0.715382,0.67599,0.612947,0.409064,0.0230966,0.0287074,0.0285961
first_years_take_and_toss_straw_cups,0.69563,0.644222,-0.317925,0.327789,0.109168,0.938422,0.639259,-0.757008,-0.135229,-0.000772106,-0.0127273,0.0296486
first_years_take_and_toss_straw_cups,0.43133,0.111243,-0.89531,0.895348,-0.174806,0.409628,-0.110937,-0.978298,-0.175001,-0.0203885,-0.0185843,0.0390585
first_years_take_and_toss_straw_cups,-0.740947,-0.0170264,0.671347,0.24193,-0.939324,0.243188,0.626472,0.342609,0.700109,0.0600677,0.0281005,0.156794
first_years_take_and_toss_straw_cups,0.61048,-0.378648,-0.695658,0.0399257,0.891917,-0.450434,0.791025,0.247206,0.559615,0.0182078,0.0260409,0.0352921
first_years_take_and_toss_straw_cups,-0.516907,0.806118,-0.288064,0.855466,0.498773,-0.139297,0.0313885,-0.318432,-0.947426,0.0688644,0.0139359,0.173874
first_years_take_and_toss_straw_cups,-0.882515,-0.440355,-0.165092,0.429332,-0.897667,0.0993372,-0.191941,0.0167872,0.981263,0.0177782,-0.0557922,0.158643
first_years_take_and_toss_straw_cups,0.683028,0.0902048,-0.7248,0.716256,-0.27701,0.640501,-0.143001,-0.956623,-0.253815,0.061703,-0.0382991,0.163773
first_years_take_and_toss_straw_cups,0.0389954,-0.809158,0.586295,0.981916,-0.0777495,-0.172613,0.185255,0.582424,0.791494,-0.0477385,-0.0239317,0.151198
first_years_take_and_toss_straw_cups,0.133683,0.620905,0.772402,-0.188438,-0.749253,0.63491,0.972944,-0.230426,0.0168398,0.0569107,-0.0171011,0.161619
first_years_take_and_toss_straw_cups,-0.111786,-0.188961,-0.975601,0.12011,0.971988,-0.202024,0.986447,-0.139763,-0.0859586,-0.0223533,-0.0268336,0.0595576
first_years_take_and_toss_straw_cups,0.431597,0.901823,-0.020963,-0.047527,0.0459399,0.997813,0.900813,-0.429657,0.0626885,0.0641481,-0.00764856,0.160652
first_years_take_and_toss_straw_cups,0.2577,0.385153,-0.886142,0.50961,0.725007,0.463318,0.820907,-0.570984,-0.00944328,-0.0212545,-0.0187196,0.0561056
first_years_take_and_toss_straw_cups,0.712769,-0.151666,-0.684805,0.668703,-0.147679,0.728716,-0.211653,-0.977337,-0.00384126,0.0612011,-0.0512596,0.147971
first_years_take_and_toss_straw_cups,-0.682602,-0.722712,-0.10836,0.725973,-0.687604,0.0128207,-0.0837746,-0.0699151,0.994029,0.0364884,-0.0340799,0.159768
first_years_take_and_toss_straw_cups,0.366517,-0.386024,0.846552,0.634098,-0.562202,-0.530895,0.680871,0.731379,0.0387204,-0.0221957,0.0151483,0.0562729
first_years_take_and_toss_straw_cups,0.114196,0.232527,-0.965863,0.948565,0.263437,0.175572,0.29527,-0.936233,-0.190483,0.058714,0.0139009,0.166349
first_years_take_and_toss_straw_cups,-0.302068,-0.836228,-0.457687,0.948136,-0.213706,-0.235303,0.0989564,-0.505027,0.857412,-0.0241999,-0.024089,0.151475
first_years_take_and_toss_straw_cups,0.559017,-0.819736,-0.124633,0.75366,0.439678,0.488548,-0.345682,-0.367037,0.86359,0.0295539,-0.0252028,0.040877
first_years_take_and_toss_straw_cups,0.852287,0.511157,0.111023,0.519147,-0.852575,-0.0600176,0.0639767,0.108789,-0.992004,0.016049,0.0377823,0.180932
first_years_take_and_toss_straw_cups,0.604305,0.446973,0.659568,-0.05671,-0.801591,0.595177,0.794732,-0.397072,-0.459058,0.0108598,0.0214274,0.0608123
first_years_take_and_toss_straw_cups,0.771881,0.0761794,-0.631187,0.560587,-0.549872,0.619179,-0.299904,-0.831768,-0.467141,-0.0271428,0.0138701,0.155524
first_years_take_and_toss_straw_cups,-0.206359,-0.159645,0.965365,-0.885042,-0.390284,-0.253731,0.417273,-0.906748,-0.0607541,-0.0394017,-0.0203089,0.0797084
first_years_take_and_toss_straw_cups,0.611848,-0.781618,0.121309,0.0840712,-0.0882352,-0.992546,0.786495,0.617485,0.0117251,0.0056667,0.0339323,0.0653734
first_years_take_and_toss_straw_cups,0.916682,-0.112933,-0.383328,0.355119,-0.209685,0.911001,-0.18326,-0.971225,-0.15211,-0.00158815,0.0316916,0.14849
first_years_take_and_toss_straw_cups,0.744155,-0.617787,-0.254114,0.590215,0.429902,0.68325,-0.312859,-0.658425,0.68454,-0.030905,0.00702719,0.135833
first_years_take_and_toss_straw_cups,-0.233011,-0.583136,-0.77824,0.307424,0.715058,-0.627839,0.922603,-0.385543,0.0126534,-0.0179239,-0.0385845,0.121602
first_years_take_and_toss_straw_cups,-0.253235,0.103054,0.9619,-0.579786,-0.812121,-0.0656302,0.774416,-0.574316,0.265407,-0.057317,-0.000713135,0.0980913
first_years_take_and_toss_straw_cups,0.563603,-0.362712,-0.742154,0.683139,-0.300446,0.665622,-0.464406,-0.882141,0.0784502,-0.0242153,-0.00149866,0.130475
first_years_take_and_toss_straw_cups,0.606926,-0.723729,-0.328416,0.257929,0.570227,-0.779945,0.751741,0.388661,0.532756,-0.00736546,0.0328449,0.0825494
first_years_take_and_toss_straw_cups,0.454533,0.87124,0.185311,0.194641,-0.300166,0.933817,0.869203,-0.388382,-0.306015,-0.00109202,0.0234092,0.0875428
first_years_take_and_toss_straw_cups,0.324734,-0.938781,-0.115058,0.82507,0.34065,-0.450797,0.462394,0.0514584,0.88518,0.0206159,0.0404728,0.0872461
first_years_take_and_toss_straw_cups,0.403729,-0.800299,0.443311,-0.160247,-0.538926,-0.826971,0.900735,0.262833,-0.345825,0.00528551,0.0424671,0.103726
first_years_take_and_toss_straw_cups,0.499207,-0.865268,-0.045854,0.385462,0.26916,-0.882594,0.776022,0.422922,0.467895,-0.0119807,0.0324065,0.0915525
first_years_take_and_toss_straw_cups,-0.524595,-0.0882636,-0.846764,0.84938,0.0133867,-0.527612,0.0579043,-0.996007,0.0679468,0.055676,0.0183792,0.113582
first_years_take_and_toss_straw_cups,0.363928,-0.718137,-0.593157,0.467388,0.691645,-0.550614,0.805671,-0.0768504,0.587357,-0.0137429,0.0237717,0.0995366
first_years_take_and_toss_straw_cups,0.444879,-0.715063,0.539228,0.436249,-0.35281,-0.827775,0.782157,0.603498,0.154988,-0.0120545,0.0261561,0.0925673
genuine_joe_plastic_stir_sticks,-0.629048,-0.771751,0.0932661,0.77531,-0.631574,0.0030992,0.0565126,0.0742596,0.995636,0.0373014,-0.00154889,-0.00608828
highland_6539_self_stick_notes,0.186655,-0.610547,-0.76967,-0.980291,-0.064134,-0.186858,0.0647237,0.789379,-0.610485,0.0411514,-0.00067268,0.0170393
highland_6539_self_stick_notes,0.431016,0.471766,0.769195,-0.901466,0.187516,0.390125,0.0398115,-0.861553,0.506104,0.0182653,0.0154346,0.0056853
highland_6539_self_stick_notes,-0.770149,-0.0322166,-0.63705,-0.629134,-0.126306,0.766966,-0.105172,0.991468,0.0770056,0.0254373,-0.0267727,0.00968875
highland_6539_self_stick_notes,-0.378055,-0.086797,0.921705,-0.846723,-0.370157,-0.382157,0.374346,-0.924905,0.0664466,-0.0330033,0.0172372,0.0126577
highland_6539_self_stick_notes,0.830737,0.381617,-0.405271,0.235146,0.419321,0.876856,0.504562,-0.823735,0.25861,0.00927144,-0.0365813,0.0105189
highland_6539_self_stick_notes,-0.998766,0.046722,0.016841,0.0059626,0.449448,-0.893287,-0.0493053,-0.892084,-0.449171,0.00248311,0.0409127,0.0196311
highland_6539_self_stick_notes,-0.57268,0.185745,-0.798459,0.813555,0.00897822,-0.581419,-0.100827,-0.982557,-0.156255,-0.00297597,-0.0104559,0.0137151
highland_6539_self_stick_notes,-0.44835,0.877643,-0.169486,-0.892866,-0.430796,0.131171,0.0421068,0.210139,0.976764,0.0285113,-0.00971122,0.0156585
highland_6539_self_stick_notes,-0.0030254,0.433593,0.901104,-0.102839,-0.896465,0.431016,0.994693,-0.0913644,0.0473024,-0.023242,-0.0133494,0.0769842
kong_air_dog_squeakair_tennis_ball,0.938762,-0.267563,-0.217109,-0.304418,-0.939206,-0.158811,-0.161418,0.215178,-0.963142,0.100933,0.0541691,0.017726
kong_air_dog_squeakair_tennis_ball,0.736338,-0.616394,0.279043,0.61931,0.780091,0.0889528,-0.272509,0.107315,0.95615,0.0958225,-0.0386054,0.0175356
kong_air_dog_squeakair_tennis_ball,0.957223,-0.121069,-0.262804,-0.16616,-0.973568,-0.156705,-0.236885,0.193669,-0.952039,0.0970171,0.0173939,0.0254596
kong_air_dog_squeakair_tennis_ball,0.661748,0.691611,0.289421,0.741629,-0.660442,-0.117486,0.109891,0.292389,-0.949965,-0.0530156,0.0592385,0.0195342
kong_air_dog_squeakair_tennis_ball,-0.0879274,-0.959518,-0.267569,0.979826,-0.131705,0.150317,-0.179472,-0.248954,0.951741,-0.069244,-0.0119511,0.0109677
kong_air_dog_squeakair_tennis_ball,0.973176,-0.126027,-0.192471,-0.172675,-0.952961,-0.249097,-0.152024,0.275651,-0.94916,0.0423642,0.0656727,0.0305467
kong_air_dog_squeakair_tennis_ball,0.91315,-0.367605,0.176135,-0.356068,-0.929687,-0.0943257,0.198425,0.0234173,-0.979836,-0.00798572,0.0646864,0.0321698
kong_air_dog_squeakair_tennis_ball,-0.409476,0.703997,0.580274,0.910598,0.276306,0.307354,0.0560428,0.65425,-0.754199,-0.0421441,-0.0434179,0.0598945
kong_air_dog_squeakair_tennis_ball,0.0466676,-0.90158,0.430088,-0.979789,-0.125155,-0.156045,0.194515,-0.414113,-0.889199,-0.0559734,-0.0159411,0.031199
kong_air_dog_squeakair_tennis_ball,0.165116,0.0385276,-0.985521,-0.13455,0.990774,0.0161902,0.977053,0.129929,0.168777,-0.0391849,-0.0237706,0.0356218
kong_air_dog_squeakair_tennis_ball,-0.209036,-0.169232,0.963153,0.963741,-0.202689,0.17355,0.16585,0.964509,0.205465,-0.037299,-0.0394584,0.0506061
kong_air_dog_squeakair_tennis_ball,0.893,-0.346049,0.287751,-0.12622,-0.806275,-0.577917,0.431995,0.47976,-0.763682,-0.0363924,-0.0244073,0.047414
kong_air_dog_squeakair_tennis_ball,0.749594,0.119586,-0.651005,-0.400085,0.865393,-0.301706,0.527296,0.486614,0.696538,-0.0219828,-0.0252564,0.022575
kong_air_dog_squeakair_tennis_ball,0.892466,0.188584,0.409806,-0.355392,-0.265601,0.896188,0.277852,-0.945459,-0.170019,-0.0426664,-0.0017359,0.0322229
kong_air_dog_squeakair_tennis_ball,-0.244918,-0.966612,-0.0753379,0.965848,-0.236468,-0.105926,0.0845744,-0.0987081,0.991516,0.0441926,-0.0276035,0.014484
kong_air_dog_squeakair_tennis_ball,0.611466,-0.77956,0.135631,-0.198435,-0.317006,-0.927432,0.765985,0.540179,-0.34853,0.00208242,0.0477654,0.0472781
kong_air_dog_squeakair_tennis_ball,0.957845,-0.275269,-0.0822161,-0.0321556,-0.387111,0.921472,-0.28548,-0.879984,-0.379644,-0.0294149,-0.0260319,0.0171303
kong_air_dog_squeakair_tennis_ball,-0.0812003,-0.709204,0.700311,0.927972,0.202596,0.312766,-0.363695,0.675266,0.641671,0.0328827,0.0217314,0.0294592
kong_air_dog_squeakair_tennis_ball,-0.185151,-0.551125,0.813622,0.788525,0.410785,0.457694,-0.58647,0.726304,0.358519,0.020266,0.0247082,0.0432406
kong_air_dog_squeakair_tennis_ball,-0.910073,-0.376282,-0.173723,-0.212338,0.7833,-0.584255,0.355922,-0.494827,-0.792759,0.0228451,-0.0336371,0.0445311
kong_air_dog_squeakair_tennis_ball,0.225032,-0.972028,0.0672418,-0.69125,-0.207905,-0.692062,0.686683,0.109255,-0.7187,-0.0308504,-0.00785857,0.0451922
kong_air_dog_squeakair_tennis_ball,-0.0123396,-0.995534,-0.093592,-0.359912,0.0917477,-0.928464,0.932904,0.0222281,-0.359437,-0.00803582,-0.0236497,0.0312803
kong_air_dog_squeakair_tennis_ball,0.797909,-0.0970793,0.594909,-0.340908,-0.886618,0.312554,0.497114,-0.452199,-0.740536,-0.0178548,0.0138721,0.0624631
kong_air_dog_squeakair_tennis_ball,0.0331617,-0.0411721,-0.998602,-0.991145,-0.129889,-0.0275588,-0.128573,0.990673,-0.0451149,0.00993816,-0.0318511,0.0398503
kong_air_dog_squeakair_tennis_ball,0.399439,0.886438,-0.233827,-0.807091,0.219056,-0.548286,-0.434801,0.407727,0.802937,0.0177075,-0.0249459,0.0147415
kong_air_dog_squeakair_tennis_ball,0.930407,-0.080437,0.357594,-0.33105,-0.60317,0.725667,0.15732,-0.793546,-0.587822,-0.00587528,-0.00713027,0.0596252
kong_air_dog_squeakair_tennis_ball,0.810188,-0.478891,0.338023,-0.577487,-0.553215,0.600384,-0.10052,-0.681628,-0.724762,-0.0107436,-0.0188368,0.02631
kong_air_dog_squeakair_tennis_ball,0.126177,-0.972648,-0.195024,-0.595748,0.0828988,-0.798882,0.793199,0.216986,-0.568993,-0.00640766,-0.00824095,0.0456455
kong_air_dog_squeakair_tennis_ball,-0.921035,-0.133932,-0.365729,-0.329572,-0.232391,0.915083,-0.207551,0.963357,0.1699,0.0208295,-0.0311813,0.0358143
kong_air_dog_squeakair_tennis_ball,0.922322,0.375582,0.09089,-0.32216,0.61748,0.717587,0.21339,-0.691127,0.690513,-0.0063791,-0.0130895,0.0401133
kong_sitting_frog_dog_toy,0.936011,0.351844,0.00943293,0.351519,-0.935832,0.0255612,0.0178212,-0.0206097,-0.999629,0.020968,0.0960014,0.0136072
kong_sitting_frog_dog_toy,0.844663,0.52085,-0.123529,0.527939,-0.848699,0.0314545,-0.088456,-0.0917843,-0.991842,0.122481,-0.106501,0.0261858
kong_sitting_frog_dog_toy,0.826774,0.562531,-0.00187931,0.562468,-0.826723,-0.012616,-0.00865053,0.00937349,-0.999919,0.0509782,0.0823317,0.0142147
kong_sitting_frog_dog_toy,-0.522698,-0.852477,0.00834663,0.852378,-0.522764,-0.0130016,0.0154469,0.000318592,0.999881,0.0870453,-0.123547,0.00353733
kong_sitting_frog_dog_toy,-0.323669,-0.945986,0.0186742,0.946159,-0.323506,0.0112825,-0.00463191,0.0213206,0.999762,0.0923517,0.0610207,0.00307095
kong_sitting_frog_dog_toy,-0.502779,-0.824921,0.258299,0.465619,-0.00669068,0.88496,-0.728294,0.565208,0.387463,0.042231,0.0554042,0.0280509
kong_sitting_frog_dog_toy,0.117674,0.938888,-0.323484,0.977746,-0.166513,-0.127615,-0.173681,-0.301268,-0.937589,0.0715818,0.0554702,0.0169701
kong_sitting_frog_dog_toy,0.740726,-0.368523,0.561707,-0.129425,-0.898732,-0.418963,0.659222,0.237638,-0.713411,0.0119354,0.0601427,0.0300137
kong_sitting_frog_dog_toy,-0.47076,-0.784758,0.403162,0.553429,0.0932144,0.827664,-0.687096,0.612753,0.390426,0.0488904,0.0470955,0.0153205
kong_sitting_frog_dog_toy,-0.141251,0.974089,-0.176629,0.989955,0.137875,-0.0313074,-0.00614342,-0.179277,-0.983779,0.111817,-0.0519442,0.0223839
kong_sitting_frog_dog_toy,-0.663248,-0.477405,-0.576356,0.748029,-0.44711,-0.490454,-0.0235491,-0.756423,0.653658,0.0655416,-0.0861387,0.00756679
kong_sitting_frog_dog_toy,0.12955,0.900417,0.41529,0.985019,-0.164937,0.0503347,0.113819,0.402547,-0.908296,-0.0230782,-0.0590893,0.0329137
kong_sitting_frog_dog_toy,0.109905,-0.829215,-0.548018,0.987112,0.0265341,0.157816,-0.116322,-0.5583,0.821444,-0.00983376,0.000697305,0.00368789
kong_sitting_frog_dog_toy,-0.72121,-0.691549,0.0402059,0.496657,-0.556674,-0.665917,0.482896,-0.460297,0.744941,0.0174522,-0.0778168,0.0112131
kong_sitting_frog_dog_toy,0.470252,-0.187401,-0.862406,-0.244091,-0.966693,0.0769645,-0.848105,0.174313,-0.500333,0.0699894,0.0287126,0.025915
kong_sitting_frog_dog_toy,-0.900924,-0.433444,0.0215071,0.409944,-0.866248,-0.285589,0.142417,-0.248477,0.958111,0.0683188,-0.0778869,0.010024
kong_sitting_frog_dog_toy,0.206262,-0.978471,0.00706655,0.978495,0.206243,-0.0032889,0.00176067,0.00759296,0.99997,0.0782683,0.0167678,0.00376479
kong_sitting_frog_dog_toy,-0.18446,-0.941944,-0.280563,0.845739,-0.29755,0.442933,-0.5007,-0.155579,0.851525,0.00474387,0.0119636,0.0198076
kong_sitting_frog_dog_toy,-0.291049,-0.743847,0.601649,0.834142,-0.505265,-0.221165,0.468506,0.437491,0.767531,0.0325322,-0.0740084,0.0130372
kong_sitting_frog_dog_toy,0.766851,0.546426,0.336687,0.621189,-0.763828,-0.17519,0.161442,0.343491,-0.925176,0.00290777,-0.00947392,0.0387827
kong_sitting_frog_dog_toy,-0.162326,-0.984955,0.0592727,0.98605,-0.164162,-0.0275092,0.0368257,0.0539804,0.997863,0.0339116,0.0105179,0.0246069
kong_sitting_frog_dog_toy,-0.195517,-0.363014,0.91104,0.947693,-0.30892,0.0802907,0.252292,0.879084,0.404425,0.0550423,0.00353046,0.0167671
kong_sitting_frog_dog_toy,0.736768,0.596886,-0.317647,0.628447,-0.777843,-0.00398019,-0.249455,-0.196692,-0.948201,0.0716693,-0.0268287,0.0304658
kygen_squeakin_eggs_plush_puppies,0.967781,0.241443,-0.0714513,0.239626,-0.9703,-0.0331201,-0.0773258,0.0149314,-0.996894,0.0149598,-0.187057,0.0168558
kygen_squeakin_eggs_plush_puppies,0.488458,-0.869683,-0.0711323,0.814383,0.425084,0.395075,-0.313353,-0.250906,0.915891,-0.0196451,0.0630201,0.00634614
kygen_squeakin_eggs_plush_puppies,0.9529,0.110777,-0.282329,0.173935,-0.962211,0.209513,-0.248451,-0.248752,-0.936159,0.0121405,-0.161765,0.0185367
kygen_squeakin_eggs_plush_puppies,-0.315404,-0.945311,0.0831123,0.895311,-0.2674,0.356252,-0.314545,0.186775,0.930686,0.00855979,0.0632163,0.0068787
kygen_squeakin_eggs_plush_puppies,0.926884,-0.361605,-0.10064,-0.37292,-0.856718,-0.35632,0.0426276,0.367798,-0.928928,0.0463614,0.0589514,0.0161872
kygen_squeakin_eggs_plush_puppies,-0.292805,-0.942702,0.159931,0.900445,-0.215588,0.377784,-0.321659,0.254626,0.911977,0.085366,0.0316347,0.00900331
kygen_squeakin_eggs_plush_puppies,0.812014,0.0339676,-0.582649,0.0105317,-0.998995,-0.0435625,-0.583543,0.0292371,-0.811556,0.0246025,-0.143373,0.0170431
kygen_squeakin_eggs_plush_puppies,-0.211499,-0.842693,0.495113,0.91392,-0.350071,-0.205427,0.346436,0.409046,0.844194,0.0077877,-0.126587,0.0187954
kygen_squeakin_eggs_plush_puppies,0.973618,-0.199815,-0.11019,-0.228181,-0.850384,-0.47411,0.00103041,0.486746,-0.873543,0.00884339,0.0345785,0.0339799
kygen_squeakin_eggs_plush_puppies,0.140077,-0.986688,0.0826123,0.98714,0.132675,-0.0891702,0.0770225,0.0940406,0.992584,0.0800521,-0.0120312,0.0224381
kygen_squeakin_eggs_plush_puppies,0.162836,0.985775,-0.0416266,0.986632,-0.162408,0.0134805,0.00652824,-0.0432652,-0.999042,0.0121353,-0.0487532,0.0666432
laugh_out_loud_joke_book,-0.0143393,-0.339305,0.940567,0.0392406,-0.94013,-0.338549,0.999127,0.0320538,0.0267954,0.0141479,-0.0277553,0.103997
mark_twain_huckleberry_finn,-0.99948,0.00633081,0.0316293,-0.0289879,-0.606388,-0.79464,0.0141489,-0.795144,0.606256,-0.0403649,0.0617095,0.00782214
mark_twain_huckleberry_finn,-0.26741,-0.292108,-0.91824,0.958628,0.015868,-0.284219,0.0975933,-0.956254,0.27578,-0.042424,0.0435795,0.00948085
mark_twain_huckleberry_finn,-0.704749,0.65231,-0.278963,0.653126,0.442984,-0.61416,-0.277046,-0.615027,-0.738233,0.029597,-0.0428708,0.016902
mark_twain_huckleberry_finn,-0.5612,0.373512,0.738609,0.82768,0.253397,0.500735,-0.000130643,0.892344,-0.451355,0.0213786,-0.0283923,0.0163116
mark_twain_huckleberry_finn,-0.655466,-0.350386,-0.669025,0.753965,-0.252452,-0.606469,0.0436019,-0.901941,0.429652,-0.0118997,0.0427164,0.00832692
mark_twain_huckleberry_finn,-0.640933,-0.567893,-0.516432,0.767417,-0.488632,-0.415102,-0.0166112,-0.662372,0.748991,-0.0124028,0.0054931,0.00342303
mark_twain_huckleberry_finn,-0.652333,-0.0357649,-0.757088,0.7569,-0.0828582,-0.648257,-0.0395461,-0.995919,0.0811216,-0.00793481,0.000935458,0.0127324
mark_twain_huckleberry_finn,-0.618009,0.13513,-0.77447,0.785883,0.0795557,-0.613236,-0.0212532,-0.987629,-0.155363,0.0226744,-0.0011268,0.0228588
mark_twain_huckleberry_finn,-0.659976,-0.7497,0.0488006,0.751256,-0.659145,0.033806,0.00682225,0.0589729,0.998236,0.00054799,-0.0147538,0.0138791
mark_twain_huckleberry_finn,-0.0170437,0.677169,0.73563,0.0262974,-0.735179,0.677363,0.999509,0.0308899,-0.00527766,-0.0137528,-0.00716491,0.122457
mead_index_cards,-0.612045,-0.790122,-0.0332929,0.790787,-0.611873,-0.0163154,-0.00747986,-0.0363134,0.999312,0.0105478,0.0198763,-0.00048619
mommys_helper_outlet_plugs,-0.872178,0.182425,-0.453901,0.245111,0.965956,-0.0827621,0.423351,-0.183439,-0.8872,-0.0192198,0.0534343,0.0205629
mommys_helper_outlet_plugs,0.226341,-0.795594,0.56196,0.0181394,-0.57339,-0.819082,0.973879,0.195586,-0.11535,0.000641132,0.0529982,0.0129009
mommys_helper_outlet_plugs,0.251791,0.95559,0.153132,-0.187082,-0.107185,0.976479,0.949527,-0.274517,0.151785,0.054455,0.0256743,0.0191514
mommys_helper_outlet_plugs,0.443135,0.228841,-0.866754,-0.171696,0.970635,0.168486,0.879859,0.0741558,0.469414,0.00386416,0.0466812,0.0128437
mommys_helper_outlet_plugs,-0.074203,0.66874,0.739785,-0.0140632,-0.742458,0.669745,0.997144,0.0392934,0.0644972,-0.0265068,0.0457337,0.0277164
mommys_helper_outlet_plugs,0.00387022,-0.207171,-0.978297,0.00233391,0.978304,-0.207164,0.99999,-0.00148149,0.00426977,0.0458427,0.0398227,0.0227663
mommys_helper_outlet_plugs,-0.201246,0.969254,0.141589,0.0550839,-0.13312,0.989568,0.977991,0.206946,-0.0266005,0.0528085,0.0242846,0.144702
mommys_helper_outlet_plugs,-0.241857,0.42904,-0.870304,0.066819,0.902168,0.426179,0.968008,0.0449215,-0.246864,-0.0068342,0.0444775,0.0302354
mommys_helper_outlet_plugs,-0.868364,-0.430061,0.246964,-0.037174,-0.440137,-0.897161,0.494532,-0.788243,0.366213,0.0507961,0.0410356,0.0389299
mommys_helper_outlet_plugs,0.074456,0.974811,0.210238,-0.126611,-0.199877,0.971606,0.989154,-0.0989603,0.108539,0.0228129,0.0360902,0.0325612
mommys_helper_outlet_plugs,-0.767019,-0.624109,0.148895,-0.0612436,-0.159786,-0.98525,0.638695,-0.764825,0.0843365,0.0565548,0.039912,0.0492319
mommys_helper_outlet_plugs,-0.153701,-0.29353,0.943513,-0.395338,-0.856837,-0.330966,0.905585,-0.423876,0.0156526,0.0312616,0.00739176,0.0415099
mommys_helper_outlet_plugs,-0.0607711,-0.148312,-0.987072,0.0324073,0.988085,-0.15046,0.997626,-0.0411319,-0.0552406,0.0522772,0.0330394,0.128303
mommys_helper_outlet_plugs,-0.114015,-0.0392366,-0.992704,0.331933,0.940294,-0.0752887,0.936387,-0.338096,-0.0941839,-0.00873794,0.0190599,0.0547295
mommys_helper_outlet_plugs,-0.068508,0.677729,-0.732113,-0.137345,0.720443,0.679778,0.988151,0.147122,0.0437266,-0.00706385,-0.00784774,0.0654684
mommys_helper_outlet_plugs,-0.0450905,0.996172,0.0748896,-0.018611,-0.0757905,0.99695,0.99881,0.0435592,0.0219572,0.0555746,0.0237125,0.106085
mommys_helper_outlet_plugs,-0.656977,0.737066,-0.158479,-0.136737,0.0902292,0.98649,0.741407,0.669771,0.0415059,0.0556151,0.0239283,0.0658513
mommys_helper_outlet_plugs,-0.343584,-0.932541,-0.110985,-0.0639032,0.141122,-0.987928,0.936945,-0.332344,-0.10808,-0.0126813,0.0600478,0.0627119
mommys_helper_outlet_plugs,0.0619485,0.987293,0.14634,-0.0234632,-0.14514,0.989133,0.997804,-0.0647089,0.0141739,0.000177693,-0.0127387,0.0661212
mommys_helper_outlet_plugs,-0.090007,-0.636092,0.766346,0.318489,-0.747447,-0.582999,0.943644,0.191599,0.269864,0.0168945,0.038869,0.121953
mommys_helper_outlet_plugs,0.627251,0.736079,0.254449,-0.253886,-0.115608,0.9603,0.736273,-0.66695,0.114365,-0.00616314,0.0225963,0.120251
mommys_helper_outlet_plugs,0.228854,0.932037,0.280951,0.233481,-0.33274,0.913658,0.945046,-0.143498,-0.293762,0.00422752,-0.0120225,0.112141
mommys_helper_outlet_plugs,-0.677674,-0.637388,-0.366734,0.200773,0.319393,-0.926109,0.707424,-0.701231,-0.0884735,-0.0154371,0.0537395,0.0920973
mommys_helper_outlet_plugs,0.554887,0.61161,0.563945,-0.208447,-0.554043,0.805969,0.805388,-0.564774,-0.179943,-0.0140228,-0.0012506,0.118954
mommys_helper_outlet_plugs,-0.10646,-0.833369,0.542368,0.14974,-0.552684,-0.819828,0.982977,-0.00606483,0.183627,0.0152129,0.0133475,0.102437
mommys_helper_outlet_plugs,-0.695235,-0.695144,0.182818,-0.716474,0.690578,-0.0988254,-0.0575522,-0.199691,-0.978167,0.0473921,0.0294195,0.087901
mommys_helper_outlet_plugs,0.452983,0.330499,0.827996,-0.818092,-0.215004,0.533384,0.354306,-0.918991,0.172985,0.0279,0.0161816,0.0916539
munchkin_white_hot_duck_bath_toy,-0.61897,0.7844,0.0399148,0.768589,0.594465,0.236393,0.161699,0.176998,-0.970837,0.00092686,0.041047,0.176199
munchkin_white_hot_duck_bath_toy,-0.163295,0.492107,0.855082,0.218565,-0.827135,0.517762,0.962062,0.271439,0.0275092,0.0725288,-0.0538289,0.161692
munchkin_white_hot_duck_bath_toy,-0.624331,0.716977,0.310088,0.778076,0.535536,0.328328,0.0693403,0.446257,-0.892214,-0.00028361,0.0405677,0.168829
munchkin_white_hot_duck_bath_toy,-0.765506,-0.643225,0.0162263,0.64278,-0.763358,0.0641717,-0.0288904,0.0595538,0.997807,0.0144377,0.048953,0.00241926
munchkin_white_hot_duck_bath_toy,-0.383262,-0.447506,0.80799,0.89454,-0.397694,0.204053,0.230018,0.800985,0.552733,5.67085e-06,0.0439979,0.147759
munchkin_white_hot_duck_bath_toy,-0.827638,0.553265,-0.0944089,0.55108,0.83294,0.0502225,0.106423,-0.0104608,-0.994266,0.00822719,0.0291768,0.0164645
munchkin_white_hot_duck_bath_toy,-0.556236,0.386648,0.735599,0.763644,-0.111338,0.635965,0.327794,0.915482,-0.233331,0.0163613,0.00483378,0.167086
munchkin_white_hot_duck_bath_toy,-0.216792,0.975007,-0.048608,-0.770894,-0.201532,-0.604241,-0.598935,-0.0935229,0.795318,0.00112682,0.0480324,0.131391
munchkin_white_hot_duck_bath_toy,-0.429158,-0.119791,-0.89525,0.822639,0.357415,-0.442175,0.372945,-0.926231,-0.054843,0.0937528,-0.0139535,0.0171753
munchkin_white_hot_duck_bath_toy,-0.37293,-0.0227712,-0.92758,0.92609,-0.0708426,-0.370592,-0.0572734,-0.997228,0.0475075,0.00834743,0.009697,0.0136283
munchkin_white_hot_duck_bath_toy,-0.455626,0.807051,-0.375597,-0.664752,-0.589101,-0.459418,-0.592038,0.040356,0.804899,0.00786694,0.0543111,0.118106
munchkin_white_hot_duck_bath_toy,-0.883822,0.43036,0.183435,-0.141944,0.12693,-0.981703,-0.445769,-0.893688,-0.0510964,0.023915,0.0376532,0.0137988
munchkin_white_hot_duck_bath_toy,-0.947224,0.00807142,-0.320469,0.319578,0.102411,-0.94201,0.0252164,-0.994709,-0.0995861,0.0541871,0.0495093,0.0175206
munchkin_white_hot_duck_bath_toy,-0.994434,-0.10081,-0.0306305,0.0398589,-0.0908404,-0.995067,0.0975307,-0.99075,0.094353,0.0191014,0.0277444,0.0145247
munchkin_white_hot_duck_bath_toy,-0.79593,-0.242512,-0.554692,0.604794,-0.359128,-0.710811,-0.0268253,-0.90123,0.43251,0.0438561,-0.0310555,0.0144407
munchkin_white_hot_duck_bath_toy,-0.275359,0.667384,-0.691936,0.121727,0.738173,0.663539,0.953604,0.0984837,-0.284501,0.0788805,-0.0478609,0.0325717
munchkin_white_hot_duck_bath_toy,-0.259091,0.84328,0.470904,0.500121,-0.299969,0.81234,0.826287,0.445979,-0.344023,0.0835954,-0.0363359,0.0369976
munchkin_white_hot_duck_bath_toy,0.447468,0.488991,0.748772,-0.800725,-0.153796,0.578953,0.398262,-0.858623,0.322729,0.0701862,0.00754987,0.0181808
munchkin_white_hot_duck_bath_toy,-0.409936,0.817623,0.404283,0.809325,0.121645,0.574626,0.420648,0.562757,-0.71159,0.0227554,0.00566841,0.152578
munchkin_white_hot_duck_bath_toy,-0.308949,0.123179,0.943068,0.897824,0.364921,0.246463,-0.313786,0.922854,-0.223335,-0.00452481,0.00636256,0.0331446
