palm_box

1.00000	0.0000000000	0.0000000000	-10.0000
0.0000000000	1.00000	0.0000000000	-41.0000
0.0000000000	0.0000000000	1.00000	-14.0000



little

0.939693	-0.342020	0.0000000000	-56.2720
0.342020	0.939693	0.0000000000	20.4545
0.0000000000	0.0000000000	1.00000	-14.0000

ring

0.984808	-0.173648	0.0000000000	-28.0956
0.173648	0.984808	0.0000000000	35.2480
0.0000000000	0.0000000000	1.00000	-14.0000

middle

1.00000	0.0000000000	0.0000000000	0.0000000000
0.0000000000	1.00000	0.0000000000	50.5000
0.0000000000	0.0000000000	1.00000	-14.0000


index

0.939693	0.342020	0.0000000000	36.7720
-0.342020	0.939693	0.0000000000	33.9545
0.0000000000	0.0000000000	1.00000	-14.0000


thumb

-0.174881	0.906308	0.384737	70.0355
0.375033	0.422618	-0.825072	-36.6905
-0.910366	0.0000000000	-0.413803	-1.61972